1973
70950
-8650
2804
---------------
1974
70933
-8667
2722
---------------
1975
70933
-8667
2859
---------------
1976
70933
-8667
2898
---------------
1977
70933
-8667
2877
---------------
1978
70933
-8667
2869
---------------
1979
70933
-8667
2816
---------------
1980
70933
-8667
2890
---------------
1981
70933
-8667
2892
---------------
1982
70933
-8667
2856
---------------
1983
70933
-8667
2894
---------------
1984
70933
-8667
2849
---------------
1985
70933
-8667
2875
---------------
1986
70933
-8667
2878
---------------
1987
70933
-8667
2789
---------------
1988
70933
-8667
2907
---------------
1989
70933
-8667
2893
---------------
1990
70933
-8667
2804
---------------
1991
70933
-8667
2874
---------------
1992
70933
-8667
2865
---------------
1993
70933
-8667
2863
---------------
1994
70933
-8667
2862
---------------
1995
70933
-8667
2871
---------------
1996
70933
-8667
2879
---------------
1997
70933
-8667
2899
---------------
1998
70930
-8670
2859
---------------
1999
70930
-8670
2857
---------------
2000
70930
-8660
2901
---------------
2001
70930
-8660
2847
---------------
2002
70930
-8670
5329
---------------
2003
70933
-8667
8357
---------------
2004
70933
-8667
8350
---------------
2005
70933
-8667
8221
---------------
2006
70933
-8667
8316
---------------
2007
70933
-8667
8507
---------------
2008
70933
-8667
8647
---------------
2009
70933
-8667
8632
---------------
2010
70933
-8667
8552
---------------
2011
70933
-8667
8699
---------------
2012
70933
-8667
8591
---------------
2013
70933
-8667
8141
---------------
2014
70933
-8667
8467
---------------
2015
70939
-8669
8515
---------------
2016
70933
-8667
8761
---------------
2017
70933
-8667
8712
---------------
2018
70939
-8669
8616
---------------
2019
70939
-8669
8737
---------------
2020
70939
-8669
8699
---------------
2021
70939
-8669
8309
---------------
2022
70939
-8669
1469
---------------
