19730205
-250
19740222
-130
19751217
-220
19760103
-180
19770305
-260
19780215
-230
19790111
-260
19800301
-170
19810221
-170
19820304
-189
19830318
-164
19840112
-124
19850327
-178
19860210
-211
19870220
-248
19880104
-251
19890121
-203
19900302
-139
19911221
-146
19920203
-181
19930125
-163
19940226
-159
19950326
-132
19960324
-178
19970115
-232
19980117
-210
19991216
-126
20000130
-179
20010302
-191
20020127
-163
20030122
-196
20040126
-151
20051215
-129
20061115
-129
20070110
-134
20080201
-137
20090223
-132
20100307
-129
20110323
-141
20121225
-150
20130316
-135
20140314
-127
20150211
-141
20160211
-104
20170119
-123
20180105
-132
20190114
-122
20200312
-141
20210305
-122
20220101
-127
