1973
-64220
2779
-2.3109
---------------
1974
8170
2703
0.302257
---------------
1975
-46280
2850
-1.62386
---------------
1976
-1250
2892
-0.0432227
---------------
1977
-42270
2872
-1.4718
---------------
1978
-45830
2859
-1.60301
---------------
1979
-40810
2802
-1.45646
---------------
1980
-23290
2887
-0.80672
---------------
1981
-54950
2884
-1.90534
---------------
1982
-46940
2843
-1.65107
---------------
1983
-36438
2880
-1.26521
---------------
1984
20114
2819
0.713515
---------------
1985
-34748
2865
-1.21284
---------------
1986
-21293
2856
-0.745553
---------------
1987
-26584
2771
-0.959365
---------------
1988
-69949
2893
-2.41787
---------------
1989
-34744
2866
-1.21228
---------------
1990
5508
2772
0.198701
---------------
1991
8622
2848
0.302739
---------------
1992
-8421
2853
-0.295163
---------------
1993
-6875
2854
-0.24089
---------------
1994
-3444
2846
-0.121012
---------------
1995
-14078
2866
-0.491207
---------------
1996
-17606
2872
-0.613022
---------------
1997
-30038
2894
-1.03794
---------------
1998
-9982
2851
-0.350123
---------------
1999
18746
2855
0.656602
---------------
2000
-3346
2898
-0.115459
---------------
2001
-10024
2843
-0.352585
---------------
2002
121506
5314
2.28653
---------------
2003
15352
8335
0.184187
---------------
2004
67428
8325
0.809946
---------------
2005
53237
8213
0.648204
---------------
2006
76435
8306
0.920238
---------------
2007
33242
8481
0.391958
---------------
2008
61363
8626
0.711373
---------------
2009
67118
8606
0.779898
---------------
2010
48808
8552
0.57072
---------------
2011
85183
8685
0.980806
---------------
2012
22951
8590
0.267183
---------------
2013
5269
8140
0.0647297
---------------
2014
174348
8465
2.05963
---------------
2015
85778
8514
1.00749
---------------
2016
192391
8760
2.19624
---------------
2017
137894
8697
1.58554
---------------
2018
172597
8609
2.00484
---------------
2019
71834
8723
0.823501
---------------
2020
35488
8653
0.410124
---------------
2021
123047
8304
1.48178
---------------
2022
-36781
1469
-2.50381
---------------
