19730822
110
19740825
130
19750721
160
19760707
130
19770718
130
19780901
150
19790811
140
19800810
150
19810820
80
19820818
96
19830703
102
19840708
101
19850811
135
19860816
126
19870718
114
19880611
110
19890812
122
19900827
184
19910717
98
19920715
116
19930728
109
19940908
160
19950629
99
19960718
115
19970812
127
19980716
103
19990611
118
20000723
105
20011214
120
20020609
141
20030804
112
20040810
134
20050706
140
20060819
123
20070927
117
20080728
110
20090718
115
20100727
97
20110810
122
20120625
127
20130722
123
20140707
117
20150908
142
20160701
122
20170504
143
20180729
166
20190802
167
20200622
107
20210709
132
20220716
86
