1973
231.241
72.9951
2668
---------------
1974
210.908
66.1848
2576
---------------
1975
235.355
72.0516
2732
---------------
1976
215.189
66.9568
2754
---------------
1977
229.163
66.9279
2676
---------------
1978
197.847
67.7462
2624
---------------
1979
209.465
73.9609
2637
---------------
1980
233.076
69.7964
2741
---------------
1981
233.281
69.254
2661
---------------
1982
232.602
69.4661
2583
---------------
1983
238.87
70.6521
2682
---------------
1984
208.528
66.3602
2371
---------------
1985
235.057
63.4465
2636
---------------
1986
218.284
63.7069
2733
---------------
1987
214.733
65.0393
2700
---------------
1988
220.372
70.6027
2741
---------------
1989
217.865
73.8445
2675
---------------
1990
202.606
71.5162
2617
---------------
1991
201.065
73.243
2733
---------------
1992
207.903
70.9808
2708
---------------
1993
203.971
72.126
2715
---------------
1994
212.674
67.9635
2685
---------------
1995
225.131
73.5288
2740
---------------
1996
217.606
63.7114
2786
---------------
1997
219.944
65.7092
2861
---------------
1998
218.499
70.024
2751
---------------
1999
206.284
39.6914
2745
---------------
2000
200.764
33.6297
2852
---------------
2001
205.466
68.5849
2592
---------------
2002
188.812
62.4194
5253
---------------
2003
206.495
63.809
8255
---------------
2004
214.651
67.0205
8280
---------------
2005
216.177
68.6323
8148
---------------
2006
207.185
66.7745
8256
---------------
2007
229.148
73.0049
8423
---------------
2008
215.672
70.705
8426
---------------
2009
223.169
67.1007
8309
---------------
2010
226.847
62.5352
8319
---------------
2011
219.025
71.1951
8451
---------------
2012
232.609
66.0893
8395
---------------
2013
211.29
65.0424
8028
---------------
2014
199.884
61.6565
8391
---------------
2015
207.102
73.198
8453
---------------
2016
209.093
67.4197
8700
---------------
2017
203.05
66.5212
8645
---------------
2018
195.038
64.6564
8569
---------------
2019
209.722
64.7492
8699
---------------
2020
209.803
74.0993
8637
---------------
2021
205.741
66.5896
8290
---------------
2022
200.316
81.6478
1431
---------------
